a400=[1.00E-05   2.30E+03   2.72E+02   2.71E+02
  1.02E-05   2.18E+03   2.57E+02   2.57E+02
  1.05E-05   2.08E+03   2.43E+02   2.43E+02
  1.07E-05   1.97E+03   2.30E+02   2.30E+02
  1.10E-05   1.88E+03   2.18E+02   2.18E+02
  1.12E-05   1.78E+03   2.06E+02   2.06E+02
  1.15E-05   1.70E+03   1.95E+02   1.95E+02
  1.17E-05   1.61E+03   1.85E+02   1.85E+02
  1.20E-05   1.53E+03   1.75E+02   1.75E+02
  1.23E-05   1.46E+03   1.65E+02   1.65E+02
  1.26E-05   1.38E+03   1.56E+02   1.56E+02
  1.29E-05   1.32E+03   1.48E+02   1.48E+02
  1.32E-05   1.25E+03   1.40E+02   1.40E+02
  1.35E-05   1.19E+03   1.32E+02   1.32E+02
  1.38E-05   1.13E+03   1.25E+02   1.25E+02
  1.41E-05   1.07E+03   1.18E+02   1.18E+02
  1.45E-05   1.02E+03   1.12E+02   1.12E+02
  1.48E-05   9.69E+02   1.06E+02   1.06E+02
  1.51E-05   9.21E+02   1.00E+02   1.00E+02
  1.55E-05   8.75E+02   9.47E+01   9.47E+01
  1.58E-05   8.31E+02   8.96E+01   8.96E+01
  1.62E-05   7.90E+02   8.47E+01   8.47E+01
  1.66E-05   7.50E+02   8.01E+01   8.01E+01
  1.70E-05   7.13E+02   7.57E+01   7.57E+01
  1.74E-05   6.77E+02   7.16E+01   7.15E+01
  1.78E-05   6.43E+02   6.76E+01   6.76E+01
  1.82E-05   6.11E+02   6.39E+01   6.39E+01
  1.86E-05   5.80E+02   6.04E+01   6.04E+01
  1.91E-05   5.51E+02   5.71E+01   5.71E+01
  1.95E-05   5.23E+02   5.40E+01   5.40E+01
  2.00E-05   4.97E+02   5.10E+01   5.10E+01
  2.04E-05   4.72E+02   4.82E+01   4.82E+01
  2.09E-05   4.48E+02   4.56E+01   4.56E+01
  2.14E-05   4.25E+02   4.30E+01   4.30E+01
  2.19E-05   4.04E+02   4.07E+01   4.07E+01
  2.24E-05   3.83E+02   3.84E+01   3.84E+01
  2.29E-05   3.64E+02   3.63E+01   3.63E+01
  2.34E-05   3.46E+02   3.43E+01   3.43E+01
  2.40E-05   3.28E+02   3.24E+01   3.24E+01
  2.45E-05   3.11E+02   3.06E+01   3.06E+01
  2.51E-05   2.96E+02   2.89E+01   2.89E+01
  2.57E-05   2.81E+02   2.73E+01   2.73E+01
  2.63E-05   2.66E+02   2.58E+01   2.58E+01
  2.69E-05   2.53E+02   2.43E+01   2.43E+01
  2.75E-05   2.40E+02   2.30E+01   2.30E+01
  2.82E-05   2.28E+02   2.17E+01   2.17E+01
  2.88E-05   2.16E+02   2.05E+01   2.05E+01
  2.95E-05   2.05E+02   1.94E+01   1.93E+01
  3.02E-05   1.94E+02   1.83E+01   1.83E+01
  3.09E-05   1.84E+02   1.72E+01   1.72E+01
  3.16E-05   1.75E+02   1.63E+01   1.63E+01
  3.24E-05   1.66E+02   1.55E+01   1.55E+01
  3.31E-05   1.58E+02   1.48E+01   1.48E+01
  3.39E-05   1.49E+02   1.41E+01   1.41E+01
  3.47E-05   1.42E+02   1.35E+01   1.35E+01
  3.55E-05   1.35E+02   1.29E+01   1.29E+01
  3.63E-05   1.28E+02   1.23E+01   1.23E+01
  3.72E-05   1.21E+02   1.17E+01   1.17E+01
  3.80E-05   1.15E+02   1.12E+01   1.11E+01
  3.89E-05   1.09E+02   1.06E+01   1.06E+01
  3.98E-05   1.03E+02   1.01E+01   1.01E+01
  4.07E-05   9.79E+01   9.67E+00   9.66E+00
  4.17E-05   9.29E+01   9.21E+00   9.21E+00
  4.27E-05   8.81E+01   8.78E+00   8.78E+00
  4.37E-05   8.35E+01   8.37E+00   8.37E+00
  4.47E-05   7.92E+01   7.98E+00   7.98E+00
  4.57E-05   7.51E+01   7.60E+00   7.60E+00
  4.68E-05   7.12E+01   7.25E+00   7.25E+00
  4.79E-05   6.75E+01   6.90E+00   6.90E+00
  4.90E-05   6.39E+01   6.58E+00   6.58E+00
  5.01E-05   6.06E+01   6.27E+00   6.27E+00
  5.13E-05   5.74E+01   5.97E+00   5.97E+00
  5.25E-05   5.44E+01   5.69E+00   5.69E+00
  5.37E-05   5.16E+01   5.42E+00   5.42E+00
  5.50E-05   4.89E+01   5.16E+00   5.16E+00
  5.62E-05   4.63E+01   4.91E+00   4.91E+00
  5.75E-05   4.39E+01   4.68E+00   4.68E+00
  5.89E-05   4.16E+01   4.45E+00   4.45E+00
  6.03E-05   3.94E+01   4.24E+00   4.24E+00
  6.17E-05   3.73E+01   4.04E+00   4.03E+00
  6.31E-05   3.53E+01   3.84E+00   3.84E+00
  6.46E-05   3.35E+01   3.66E+00   3.65E+00
  6.61E-05   3.17E+01   3.48E+00   3.48E+00
  6.76E-05   3.00E+01   3.31E+00   3.31E+00
  6.92E-05   2.84E+01   3.15E+00   3.15E+00
  7.08E-05   2.69E+01   3.00E+00   2.99E+00
  7.24E-05   2.55E+01   2.85E+00   2.85E+00
  7.41E-05   2.41E+01   2.71E+00   2.71E+00
  7.59E-05   2.28E+01   2.58E+00   2.58E+00
  7.76E-05   2.16E+01   2.45E+00   2.45E+00
  7.94E-05   2.04E+01   2.33E+00   2.33E+00
  8.13E-05   1.93E+01   2.22E+00   2.22E+00
  8.32E-05   1.83E+01   2.11E+00   2.11E+00
  8.51E-05   1.73E+01   2.00E+00   2.00E+00
  8.71E-05   1.64E+01   1.90E+00   1.90E+00
  8.91E-05   1.55E+01   1.81E+00   1.81E+00
  9.12E-05   1.47E+01   1.72E+00   1.72E+00
  9.33E-05   1.39E+01   1.63E+00   1.63E+00
  9.55E-05   1.31E+01   1.55E+00   1.55E+00
  9.77E-05   1.24E+01   1.47E+00   1.47E+00
  1.00E-04   1.17E+01   1.40E+00   1.40E+00
  1.02E-04   1.11E+01   1.35E+00   1.35E+00
  1.05E-04   1.05E+01   1.31E+00   1.31E+00
  1.07E-04   9.93E+00   1.27E+00   1.27E+00
  1.10E-04   9.39E+00   1.23E+00   1.23E+00
  1.12E-04   8.88E+00   1.18E+00   1.18E+00
  1.15E-04   8.40E+00   1.15E+00   1.14E+00
  1.17E-04   7.94E+00   1.11E+00   1.11E+00
  1.20E-04   7.51E+00   1.07E+00   1.07E+00
  1.23E-04   7.10E+00   1.03E+00   1.03E+00
  1.26E-04   6.72E+00   9.95E-01   9.95E-01
  1.29E-04   6.35E+00   9.60E-01   9.60E-01
  1.32E-04   6.01E+00   9.26E-01   9.25E-01
  1.35E-04   5.68E+00   8.93E-01   8.92E-01
  1.38E-04   5.37E+00   8.61E-01   8.60E-01
  1.41E-04   5.08E+00   8.29E-01   8.28E-01
  1.45E-04   4.80E+00   7.99E-01   7.98E-01
  1.48E-04   4.54E+00   7.69E-01   7.68E-01
  1.51E-04   4.29E+00   7.40E-01   7.39E-01
  1.55E-04   4.06E+00   7.12E-01   7.12E-01
  1.58E-04   3.84E+00   6.85E-01   6.84E-01
  1.62E-04   3.63E+00   6.59E-01   6.58E-01
  1.66E-04   3.43E+00   6.33E-01   6.33E-01
  1.70E-04   3.24E+00   6.09E-01   6.08E-01
  1.74E-04   3.07E+00   5.85E-01   5.84E-01
  1.78E-04   2.90E+00   5.62E-01   5.61E-01
  1.82E-04   2.74E+00   5.40E-01   5.39E-01
  1.86E-04   2.59E+00   5.18E-01   5.17E-01
  1.91E-04   2.45E+00   4.97E-01   4.97E-01
  1.95E-04   2.31E+00   4.77E-01   4.76E-01
  2.00E-04   2.19E+00   4.58E-01   4.57E-01
  2.04E-04   2.07E+00   4.39E-01   4.38E-01
  2.09E-04   1.95E+00   4.21E-01   4.20E-01
  2.14E-04   1.85E+00   4.03E-01   4.03E-01
  2.19E-04   1.75E+00   3.87E-01   3.86E-01
  2.24E-04   1.65E+00   3.70E-01   3.70E-01
  2.29E-04   1.56E+00   3.55E-01   3.54E-01
  2.34E-04   1.47E+00   3.40E-01   3.39E-01
  2.40E-04   1.39E+00   3.25E-01   3.25E-01
  2.45E-04   1.32E+00   3.11E-01   3.11E-01
  2.51E-04   1.24E+00   2.98E-01   2.97E-01
  2.57E-04   1.17E+00   2.85E-01   2.85E-01
  2.63E-04   1.11E+00   2.73E-01   2.72E-01
  2.69E-04   1.05E+00   2.61E-01   2.60E-01
  2.75E-04   9.91E-01   2.50E-01   2.49E-01
  2.82E-04   9.36E-01   2.39E-01   2.38E-01
  2.88E-04   8.85E-01   2.28E-01   2.27E-01
  2.95E-04   8.36E-01   2.18E-01   2.17E-01
  3.02E-04   7.90E-01   2.08E-01   2.08E-01
  3.09E-04   7.46E-01   1.99E-01   1.98E-01
  3.16E-04   7.05E-01   1.90E-01   1.90E-01
  3.24E-04   6.67E-01   1.84E-01   1.83E-01
  3.31E-04   6.30E-01   1.78E-01   1.77E-01
  3.39E-04   5.96E-01   1.72E-01   1.71E-01
  3.47E-04   5.65E-01   1.67E-01   1.66E-01
  3.55E-04   5.35E-01   1.61E-01   1.60E-01
  3.63E-04   5.07E-01   1.56E-01   1.55E-01
  3.72E-04   4.81E-01   1.51E-01   1.51E-01
  3.80E-04   4.56E-01   1.47E-01   1.46E-01
  3.89E-04   4.33E-01   1.42E-01   1.41E-01
  3.98E-04   4.11E-01   1.38E-01   1.37E-01
  4.07E-04   3.91E-01   1.34E-01   1.33E-01
  4.17E-04   3.71E-01   1.30E-01   1.29E-01
  4.27E-04   3.53E-01   1.26E-01   1.25E-01
  4.37E-04   3.36E-01   1.22E-01   1.21E-01
  4.47E-04   3.20E-01   1.19E-01   1.17E-01
  4.57E-04   3.05E-01   1.15E-01   1.14E-01
  4.68E-04   2.90E-01   1.12E-01   1.10E-01
  4.79E-04   2.76E-01   1.08E-01   1.07E-01
  4.90E-04   2.64E-01   1.05E-01   1.04E-01
  5.01E-04   2.51E-01   1.02E-01   1.01E-01
  5.13E-04   2.40E-01   9.89E-02   9.75E-02
  5.25E-04   2.29E-01   9.59E-02   9.45E-02
  5.37E-04   2.18E-01   9.30E-02   9.15E-02
  5.50E-04   2.08E-01   9.01E-02   8.86E-02
  5.62E-04   1.99E-01   8.73E-02   8.58E-02
  5.75E-04   1.90E-01   8.46E-02   8.31E-02
  5.89E-04   1.81E-01   8.19E-02   8.04E-02
  6.03E-04   1.73E-01   7.93E-02   7.77E-02
  6.17E-04   1.65E-01   7.67E-02   7.51E-02
  6.31E-04   1.57E-01   7.42E-02   7.25E-02
